fromIdx toIdx 
0 2 0
0 4 0
0 5 0
0 6 0
0 7 0
0 8 0
0 54 0
0 55 0
0 63 0
0 64 0
0 95 0
0 102 0
0 104 0
0 106 0
0 111 0
0 120 0
0 142 0
0 143 0
0 146 0
0 147 0
0 148 0
1 2 0
1 4 0
1 5 0
1 6 0
1 7 0
1 8 0
1 63 0
1 64 0
1 102 0
1 103 0
1 105 0
1 142 0
1 143 0
1 146 0
1 147 0
1 148 0
2 0 0
2 1 0
2 4 0
2 5 0
2 6 0
2 7 0
2 8 0
2 63 0
2 64 0
2 102 0
2 103 0
2 104 0
2 105 0
2 120 0
2 142 0
2 147 0
2 148 0
3 4 0
3 5 0
3 6 0
3 7 0
3 8 0
3 63 0
3 64 0
3 147 0
3 148 0
4 1 0
4 2 0
4 3 0
4 63 0
4 64 0
4 102 0
4 105 0
4 142 0
5 0 0
5 1 0
5 2 0
5 3 0
5 4 0
5 7 0
5 8 0
5 63 0
5 64 0
5 102 0
5 103 0
5 104 0
5 105 0
5 106 0
5 120 0
5 142 0
6 0 0
6 1 0
6 2 0
6 3 0
6 7 0
6 8 0
6 62 0
6 63 0
6 102 0
6 103 0
6 104 0
6 105 0
6 106 0
6 120 0
6 142 0
7 0 0
7 1 0
7 2 0
7 3 0
7 5 0
7 6 0
7 62 0
7 63 0
7 64 0
7 102 0
7 103 0
7 104 0
7 105 0
7 106 0
7 120 0
7 142 0
8 0 0
8 1 0
8 2 0
8 3 0
8 5 0
8 6 0
8 62 0
8 63 0
8 64 0
8 102 0
8 103 0
8 104 0
8 105 0
8 106 0
8 120 0
8 142 0
9 10 0
9 11 0
9 62 0
9 63 0
10 9 0
10 11 0
11 9 0
13 14 0
14 15 0
14 20 0
15 14 0
15 20 0
16 17 0
16 18 0
17 16 0
17 18 0
18 16 0
18 17 0
19 13 0
19 14 0
20 14 0
20 15 0
21 22 0
23 26 0
23 28 0
24 26 0
25 26 0
31 32 0
32 31 0
35 36 0
36 35 0
37 39 0
37 40 0
37 45 0
38 39 0
38 40 0
38 45 0
40 45 0
41 44 0
41 45 0
41 86 0
41 162 0
41 163 0
42 44 0
42 45 0
42 85 0
42 86 0
42 162 0
42 163 0
43 44 0
43 45 0
43 85 0
43 86 0
43 162 0
43 163 0
44 43 0
44 82 0
44 86 0
44 162 0
45 166 0
46 118 0
46 141 0
47 117 0
47 118 0
47 119 0
47 141 0
48 49 0
48 89 0
48 118 0
48 119 0
48 141 0
49 48 0
49 118 0
49 119 0
49 136 0
49 141 0
50 106 0
50 134 0
50 135 0
50 136 0
51 58 0
51 59 0
51 60 0
51 61 0
51 98 0
51 99 0
51 100 0
51 101 0
51 106 0
51 107 0
51 108 0
51 109 0
51 134 0
51 135 0
52 53 0
52 54 0
52 55 0
52 56 0
52 57 0
52 58 0
52 59 0
52 60 0
52 61 0
52 93 0
52 94 0
52 95 0
52 96 0
52 97 0
52 98 0
52 99 0
52 100 0
52 101 0
52 106 0
52 107 0
52 108 0
52 109 0
52 110 0
52 111 0
52 134 0
52 135 0
53 52 0
53 54 0
53 55 0
53 56 0
53 57 0
53 58 0
53 59 0
53 60 0
53 61 0
53 94 0
53 95 0
53 96 0
53 97 0
53 98 0
53 99 0
53 100 0
53 106 0
53 107 0
53 108 0
53 109 0
53 110 0
53 111 0
53 134 0
53 135 0
54 0 0
54 52 0
54 53 0
54 56 0
54 57 0
54 58 0
54 59 0
54 60 0
54 93 0
54 94 0
54 95 0
54 96 0
54 97 0
54 98 0
54 99 0
54 100 0
54 104 0
54 107 0
54 108 0
54 120 0
54 121 0
54 122 0
54 123 0
54 124 0
54 125 0
54 126 0
54 134 0
54 135 0
54 136 0
55 0 0
55 52 0
55 53 0
55 54 0
55 58 0
55 59 0
55 60 0
55 93 0
55 95 0
55 97 0
55 98 0
55 99 0
55 100 0
55 104 0
55 107 0
55 108 0
55 120 0
55 121 0
55 124 0
55 125 0
55 126 0
55 134 0
55 135 0
55 136 0
56 52 0
56 53 0
56 54 0
56 57 0
56 58 0
56 59 0
56 60 0
56 92 0
56 93 0
56 97 0
56 98 0
56 100 0
56 107 0
56 108 0
56 109 0
56 112 0
56 125 0
56 126 0
56 127 0
56 134 0
57 52 0
57 54 0
57 56 0
57 59 0
57 92 0
57 96 0
57 97 0
57 98 0
57 109 0
57 112 0
57 134 0
58 51 0
58 52 0
58 54 0
58 55 0
58 56 0
58 59 0
58 91 0
58 92 0
58 94 0
58 95 0
58 96 0
58 97 0
58 100 0
58 107 0
58 111 0
58 112 0
58 113 0
58 134 0
59 51 0
59 52 0
59 54 0
59 55 0
59 56 0
59 57 0
59 58 0
59 91 0
59 92 0
59 94 0
59 95 0
59 96 0
59 97 0
59 111 0
59 112 0
59 113 0
60 51 0
60 52 0
60 54 0
60 55 0
60 56 0
60 91 0
60 92 0
60 94 0
60 95 0
60 96 0
60 97 0
60 111 0
60 112 0
60 113 0
61 7 0
61 8 0
61 51 0
61 52 0
61 54 0
61 91 0
61 92 0
61 112 0
61 113 0
62 4 0
62 5 0
62 6 0
62 7 0
62 8 0
62 9 0
62 63 0
62 144 0
62 146 0
62 147 0
62 148 0
62 150 0
63 4 0
63 5 0
63 6 0
63 7 0
63 8 0
63 9 0
64 4 0
64 5 0
64 7 0
64 8 0
64 145 0
64 146 0
64 147 0
64 148 0
65 150 0
65 151 0
65 153 0
66 65 0
66 153 0
67 153 0
68 153 0
68 154 0
69 71 0
69 72 0
69 73 0
69 74 0
69 158 0
69 159 0
70 71 0
70 72 0
70 74 0
70 158 0
72 73 0
72 74 0
72 158 0
73 72 0
74 72 0
76 77 0
76 171 0
78 39 0
78 40 0
78 44 0
78 86 0
78 162 0
78 163 0
78 166 0
78 168 0
78 169 0
79 39 0
79 40 0
79 44 0
79 45 0
79 86 0
79 162 0
79 163 0
79 166 0
79 168 0
80 45 0
80 167 0
81 45 0
82 44 0
82 45 0
82 86 0
82 162 0
83 43 0
83 44 0
83 45 0
83 85 0
83 86 0
83 162 0
83 163 0
84 43 0
84 44 0
84 45 0
84 85 0
84 86 0
84 162 0
84 163 0
84 164 0
85 42 0
85 43 0
85 44 0
85 45 0
85 86 0
85 162 0
85 163 0
86 44 0
87 47 0
87 118 0
87 119 0
87 141 0
88 49 0
88 89 0
88 136 0
89 48 0
89 88 0
89 115 0
89 136 0
89 141 0
90 114 0
90 134 0
90 135 0
90 136 0
91 58 0
91 59 0
91 60 0
91 61 0
91 98 0
91 99 0
91 100 0
91 101 0
91 106 0
91 107 0
91 108 0
91 109 0
91 134 0
91 135 0
92 55 0
92 56 0
92 57 0
92 58 0
92 59 0
92 60 0
92 61 0
92 94 0
92 95 0
92 96 0
92 97 0
92 98 0
92 99 0
92 100 0
92 107 0
92 108 0
92 109 0
92 110 0
92 111 0
92 134 0
92 135 0
93 52 0
93 54 0
93 55 0
93 56 0
93 57 0
93 58 0
93 59 0
93 60 0
93 61 0
93 94 0
93 95 0
93 96 0
93 97 0
93 98 0
93 99 0
93 100 0
93 107 0
93 108 0
93 109 0
93 110 0
93 111 0
93 134 0
93 135 0
94 52 0
94 53 0
94 54 0
94 58 0
94 59 0
94 60 0
94 92 0
94 93 0
94 100 0
94 134 0
94 135 0
94 136 0
95 0 0
95 52 0
95 53 0
95 54 0
95 55 0
95 57 0
95 58 0
95 59 0
95 60 0
95 93 0
95 97 0
95 98 0
95 99 0
95 100 0
95 104 0
95 107 0
95 120 0
95 121 0
95 124 0
95 125 0
95 134 0
95 135 0
95 136 0
96 52 0
96 53 0
96 54 0
96 56 0
96 57 0
96 58 0
96 59 0
96 60 0
96 92 0
96 93 0
96 97 0
96 98 0
96 100 0
96 107 0
96 108 0
96 109 0
96 112 0
96 125 0
96 126 0
96 134 0
96 135 0
97 52 0
97 53 0
97 54 0
97 55 0
97 56 0
97 57 0
97 59 0
97 92 0
97 93 0
97 95 0
97 96 0
97 98 0
97 100 0
97 107 0
97 108 0
97 109 0
97 112 0
97 125 0
97 127 0
97 134 0
98 51 0
98 52 0
98 53 0
98 54 0
98 55 0
98 56 0
98 57 0
98 91 0
98 92 0
98 93 0
98 95 0
98 96 0
98 97 0
98 110 0
98 111 0
98 112 0
98 113 0
99 51 0
99 52 0
99 53 0
99 54 0
99 55 0
99 91 0
99 92 0
99 93 0
99 95 0
99 100 0
99 107 0
99 110 0
99 111 0
99 112 0
99 113 0
100 51 0
100 52 0
100 53 0
100 54 0
100 55 0
100 56 0
100 58 0
100 91 0
100 92 0
100 93 0
100 94 0
100 95 0
100 96 0
100 97 0
100 99 0
100 107 0
100 108 0
100 109 0
100 110 0
100 111 0
100 112 0
100 113 0
101 51 0
101 52 0
101 91 0
101 92 0
102 0 0
102 1 0
102 2 0
102 4 0
102 5 0
102 6 0
102 7 0
102 8 0
102 104 0
102 106 0
102 120 0
102 122 0
102 142 0
103 0 0
103 1 0
103 2 0
103 5 0
103 6 0
103 7 0
103 8 0
103 63 0
103 64 0
103 104 0
103 120 0
103 143 0
103 146 0
103 147 0
103 148 0
104 0 0
104 2 0
104 4 0
104 5 0
104 6 0
104 7 0
104 8 0
104 54 0
104 55 0
104 63 0
104 64 0
104 95 0
104 102 0
104 106 0
104 111 0
104 120 0
104 142 0
104 143 0
104 146 0
104 147 0
104 148 0
105 0 0
105 1 0
105 2 0
105 4 0
105 5 0
105 6 0
105 7 0
105 8 0
105 51 0
105 63 0
105 64 0
105 103 0
105 104 0
105 120 0
105 143 0
105 146 0
105 147 0
105 148 0
106 0 0
106 4 0
106 5 0
106 6 0
106 7 0
106 8 0
106 51 0
106 52 0
106 53 0
106 91 0
106 104 0
106 120 0
106 122 0
106 142 0
107 51 0
107 52 0
107 53 0
107 54 0
107 55 0
107 56 0
107 58 0
107 91 0
107 92 0
107 93 0
107 95 0
107 96 0
107 97 0
107 99 0
107 100 0
107 109 0
107 110 0
107 111 0
108 51 0
108 52 0
108 53 0
108 54 0
108 55 0
108 56 0
108 91 0
108 92 0
108 93 0
108 96 0
108 97 0
108 99 0
108 100 0
108 109 0
108 110 0
108 111 0
109 51 0
109 52 0
109 53 0
109 56 0
109 57 0
109 59 0
109 91 0
109 92 0
109 93 0
109 96 0
109 97 0
109 100 0
109 107 0
109 108 0
109 110 0
109 112 0
109 113 0
110 52 0
110 53 0
110 56 0
110 57 0
110 58 0
110 59 0
110 60 0
110 92 0
110 93 0
110 96 0
110 97 0
110 98 0
110 99 0
110 100 0
110 107 0
110 108 0
110 109 0
110 112 0
110 125 0
111 0 0
111 52 0
111 53 0
111 57 0
111 58 0
111 59 0
111 60 0
111 92 0
111 93 0
111 98 0
111 99 0
111 100 0
111 104 0
111 107 0
111 108 0
111 109 0
111 112 0
111 120 0
111 121 0
111 122 0
111 124 0
111 125 0
111 134 0
111 135 0
112 56 0
112 57 0
112 58 0
112 59 0
112 60 0
112 61 0
112 96 0
112 97 0
112 98 0
112 99 0
112 100 0
112 109 0
112 111 0
112 134 0
112 135 0
112 136 0
113 58 0
113 59 0
113 60 0
113 61 0
113 98 0
113 99 0
113 100 0
113 109 0
113 110 0
113 111 0
113 134 0
113 135 0
114 100 0
114 134 0
114 135 0
114 136 0
115 90 0
115 136 0
116 48 0
116 88 0
116 89 0
116 90 0
117 47 0
117 118 0
117 119 0
117 141 0
118 46 0
118 47 0
118 48 0
118 49 0
118 87 0
118 117 0
118 119 0
118 138 0
118 141 0
119 47 0
119 48 0
119 49 0
119 87 0
119 117 0
119 118 0
119 139 0
119 141 0
120 0 0
120 2 0
120 4 0
120 5 0
120 6 0
120 7 0
120 8 0
120 54 0
120 55 0
120 63 0
120 64 0
120 95 0
120 102 0
120 104 0
120 106 0
120 111 0
120 121 0
120 122 0
120 142 0
120 143 0
120 146 0
120 147 0
120 148 0
121 54 0
121 55 0
121 63 0
121 64 0
121 95 0
121 102 0
121 106 0
121 111 0
121 122 0
121 146 0
121 147 0
121 148 0
122 8 0
122 54 0
122 55 0
122 63 0
122 95 0
122 106 0
122 111 0
122 120 0
122 121 0
123 54 0
123 63 0
123 106 0
123 120 0
123 121 0
124 54 0
124 55 0
124 95 0
124 101 0
124 111 0
125 54 0
125 55 0
125 56 0
125 95 0
125 96 0
125 97 0
125 110 0
125 111 0
125 126 0
126 54 0
126 55 0
126 56 0
126 58 0
126 96 0
126 97 0
126 99 0
126 100 0
126 107 0
126 111 0
126 125 0
127 54 0
127 55 0
127 56 0
127 57 0
127 58 0
127 96 0
127 97 0
127 99 0
127 100 0
127 107 0
127 108 0
127 109 0
127 110 0
127 111 0
127 125 0
127 126 0
128 55 0
128 56 0
128 57 0
128 58 0
128 59 0
128 96 0
128 97 0
128 98 0
128 99 0
128 100 0
128 107 0
128 108 0
128 109 0
128 110 0
128 111 0
128 125 0
128 126 0
129 0 0
129 2 0
129 4 0
129 5 0
129 6 0
129 55 0
129 56 0
129 57 0
129 58 0
129 59 0
129 60 0
129 94 0
129 95 0
129 96 0
129 97 0
129 98 0
129 99 0
129 100 0
129 104 0
129 107 0
129 108 0
129 109 0
129 110 0
129 111 0
129 120 0
129 121 0
129 122 0
129 123 0
129 124 0
129 125 0
129 126 0
130 0 0
130 2 0
130 4 0
130 54 0
130 55 0
130 56 0
130 57 0
130 58 0
130 59 0
130 60 0
130 94 0
130 95 0
130 96 0
130 97 0
130 98 0
130 99 0
130 100 0
130 104 0
130 106 0
130 107 0
130 108 0
130 109 0
130 110 0
130 111 0
130 120 0
130 121 0
130 122 0
130 123 0
130 124 0
130 125 0
130 126 0
130 142 0
131 0 0
131 2 0
131 51 0
131 52 0
131 53 0
131 54 0
131 55 0
131 56 0
131 57 0
131 58 0
131 59 0
131 60 0
131 91 0
131 92 0
131 93 0
131 94 0
131 95 0
131 96 0
131 97 0
131 98 0
131 99 0
131 100 0
131 104 0
131 106 0
131 107 0
131 108 0
131 109 0
131 110 0
131 111 0
131 120 0
131 121 0
131 122 0
131 123 0
131 124 0
131 125 0
131 126 0
131 142 0
132 51 0
132 52 0
132 53 0
132 54 0
132 55 0
132 56 0
132 57 0
132 58 0
132 59 0
132 60 0
132 61 0
132 91 0
132 92 0
132 93 0
132 94 0
132 95 0
132 96 0
132 97 0
132 98 0
132 99 0
132 100 0
132 101 0
132 106 0
132 107 0
132 108 0
132 109 0
132 110 0
132 111 0
132 112 0
132 113 0
133 51 0
133 52 0
133 53 0
133 54 0
133 55 0
133 56 0
133 57 0
133 58 0
133 59 0
133 60 0
133 61 0
133 63 0
133 91 0
133 92 0
133 93 0
133 94 0
133 95 0
133 96 0
133 97 0
133 98 0
133 99 0
133 110 0
133 111 0
133 114 0
134 50 0
134 51 0
134 52 0
134 53 0
134 54 0
134 55 0
134 56 0
134 57 0
134 58 0
134 59 0
134 60 0
134 61 0
134 63 0
134 91 0
134 92 0
134 93 0
134 94 0
134 95 0
134 96 0
134 97 0
134 111 0
134 112 0
134 113 0
134 114 0
135 50 0
135 51 0
135 52 0
135 53 0
135 54 0
135 55 0
135 56 0
135 57 0
135 90 0
135 91 0
135 92 0
135 93 0
135 94 0
135 95 0
135 96 0
135 111 0
135 112 0
135 113 0
135 114 0
136 50 0
136 54 0
136 55 0
136 56 0
136 89 0
136 90 0
136 91 0
136 94 0
136 95 0
136 112 0
136 113 0
136 114 0
136 115 0
137 46 0
137 47 0
137 48 0
137 49 0
137 50 0
137 87 0
137 88 0
137 89 0
137 90 0
137 91 0
137 114 0
137 115 0
137 116 0
137 117 0
137 118 0
137 119 0
137 134 0
137 135 0
137 136 0
138 47 0
138 87 0
138 117 0
138 118 0
139 46 0
139 47 0
139 48 0
139 49 0
139 87 0
139 89 0
139 117 0
139 118 0
139 119 0
140 46 0
140 47 0
140 48 0
140 49 0
140 87 0
140 89 0
140 117 0
140 118 0
140 119 0
140 141 0
141 46 0
141 47 0
141 48 0
141 49 0
141 87 0
141 89 0
141 117 0
141 118 0
141 119 0
142 0 0
142 1 0
142 2 0
142 4 0
142 5 0
142 6 0
142 7 0
142 8 0
142 54 0
142 63 0
142 64 0
142 102 0
142 104 0
142 106 0
142 120 0
142 143 0
142 146 0
142 147 0
142 148 0
143 1 0
143 8 0
143 103 0
143 105 0
144 62 0
144 63 0
144 145 0
144 146 0
144 147 0
144 148 0
145 64 0
145 146 0
145 147 0
145 148 0
146 62 0
146 64 0
146 145 0
146 147 0
146 148 0
147 62 0
147 145 0
147 146 0
147 148 0
148 62 0
148 146 0
148 147 0
149 62 0
149 65 0
149 150 0
150 62 0
150 65 0
151 65 0
151 153 0
152 153 0
153 65 0
153 151 0
154 65 0
154 151 0
155 74 0
157 71 0
157 72 0
157 73 0
157 74 0
157 77 0
157 158 0
157 159 0
157 170 0
157 171 0
158 72 0
160 77 0
160 170 0
160 171 0
161 77 0
161 170 0
161 171 0
162 43 0
162 44 0
162 82 0
163 41 0
163 42 0
163 43 0
163 44 0
163 45 0
163 85 0
163 86 0
163 162 0
163 165 0
164 43 0
164 44 0
164 45 0
164 84 0
164 85 0
164 86 0
164 162 0
164 163 0
165 43 0
165 44 0
165 45 0
165 85 0
165 86 0
165 162 0
165 163 0
166 45 0
167 45 0
168 39 0
168 40 0
168 44 0
168 45 0
168 78 0
168 79 0
168 86 0
168 166 0
169 78 0
172 77 0
172 171 0
173 77 0
173 170 0
173 171 0
0 1 1
0 2 1
0 3 1
0 4 1
0 5 1
0 6 1
0 7 1
0 8 1
0 58 1
0 59 1
0 60 1
0 61 1
0 62 1
0 63 1
0 64 1
0 65 1
0 98 1
0 99 1
0 100 1
0 101 1
0 102 1
0 103 1
0 104 1
0 105 1
0 106 1
0 107 1
0 108 1
0 109 1
0 120 1
0 121 1
0 122 1
0 123 1
0 124 1
0 125 1
0 126 1
0 127 1
0 128 1
0 129 1
0 130 1
0 142 1
0 143 1
0 144 1
0 145 1
0 146 1
0 147 1
0 148 1
0 149 1
0 150 1
0 151 1
1 2 1
1 3 1
1 4 1
1 5 1
1 6 1
1 7 1
1 8 1
1 9 1
1 58 1
1 59 1
1 60 1
1 61 1
1 62 1
1 63 1
1 64 1
1 65 1
1 98 1
1 99 1
1 100 1
1 101 1
1 102 1
1 103 1
1 104 1
1 105 1
1 106 1
1 107 1
1 108 1
1 109 1
1 120 1
1 121 1
1 122 1
1 123 1
1 124 1
1 125 1
1 126 1
1 127 1
1 128 1
1 129 1
1 130 1
1 142 1
1 143 1
1 144 1
1 145 1
1 146 1
1 147 1
1 148 1
1 149 1
1 150 1
1 151 1
2 3 1
2 4 1
2 5 1
2 6 1
2 7 1
2 8 1
2 9 1
2 59 1
2 60 1
2 61 1
2 62 1
2 63 1
2 64 1
2 65 1
2 66 1
2 99 1
2 100 1
2 101 1
2 102 1
2 103 1
2 104 1
2 105 1
2 106 1
2 107 1
2 108 1
2 109 1
2 120 1
2 121 1
2 122 1
2 123 1
2 124 1
2 125 1
2 126 1
2 127 1
2 128 1
2 129 1
2 142 1
2 143 1
2 144 1
2 145 1
2 146 1
2 147 1
2 148 1
2 149 1
2 150 1
2 151 1
2 152 1
3 4 1
3 5 1
3 6 1
3 7 1
3 8 1
3 9 1
3 59 1
3 60 1
3 61 1
3 62 1
3 63 1
3 64 1
3 65 1
3 66 1
3 67 1
3 99 1
3 100 1
3 101 1
3 102 1
3 103 1
3 104 1
3 105 1
3 106 1
3 107 1
3 108 1
3 120 1
3 121 1
3 122 1
3 123 1
3 124 1
3 125 1
3 126 1
3 127 1
3 142 1
3 143 1
3 144 1
3 145 1
3 146 1
3 147 1
3 148 1
3 149 1
3 150 1
3 151 1
3 152 1
4 5 1
4 6 1
4 7 1
4 8 1
4 9 1
4 10 1
4 11 1
4 65 1
4 66 1
4 100 1
4 101 1
4 102 1
4 103 1
4 104 1
4 105 1
4 106 1
4 107 1
4 120 1
4 121 1
4 122 1
4 123 1
4 124 1
4 125 1
4 142 1
4 143 1
4 144 1
4 145 1
4 146 1
4 147 1
4 148 1
4 149 1
4 150 1
4 151 1
5 6 1
5 7 1
5 8 1
5 9 1
5 10 1
5 11 1
5 101 1
5 102 1
5 103 1
5 104 1
5 105 1
5 106 1
5 120 1
5 121 1
5 122 1
5 123 1
5 124 1
5 125 1
5 142 1
5 143 1
5 144 1
5 145 1
5 146 1
5 147 1
5 148 1
5 149 1
5 150 1
5 151 1
6 7 1
6 8 1
6 9 1
6 10 1
6 11 1
6 101 1
6 102 1
6 103 1
6 104 1
6 105 1
6 106 1
6 120 1
6 121 1
6 122 1
6 123 1
6 124 1
6 142 1
6 143 1
6 144 1
6 145 1
6 146 1
6 147 1
6 148 1
6 149 1
7 8 1
7 9 1
7 10 1
7 11 1
7 12 1
7 103 1
7 104 1
7 105 1
7 120 1
7 121 1
7 142 1
7 143 1
7 144 1
7 145 1
7 146 1
7 147 1
8 9 1
8 10 1
8 11 1
8 12 1
8 18 1
8 104 1
8 120 1
8 142 1
8 143 1
8 144 1
8 145 1
8 146 1
9 10 1
9 11 1
9 12 1
9 17 1
9 18 1
10 11 1
10 12 1
10 15 1
10 16 1
10 17 1
10 18 1
11 12 1
11 13 1
11 14 1
11 15 1
11 16 1
11 17 1
11 18 1
11 19 1
11 20 1
12 13 1
12 14 1
12 15 1
12 16 1
12 17 1
12 18 1
12 19 1
12 20 1
12 21 1
13 14 1
13 15 1
13 16 1
13 17 1
13 18 1
13 19 1
13 20 1
13 21 1
13 22 1
13 23 1
13 24 1
13 25 1
14 15 1
14 16 1
14 17 1
14 18 1
14 19 1
14 20 1
14 21 1
14 22 1
14 23 1
14 24 1
14 25 1
15 16 1
15 17 1
15 18 1
15 19 1
15 20 1
15 21 1
15 22 1
15 23 1
15 24 1
15 25 1
16 17 1
16 18 1
16 19 1
16 20 1
16 21 1
16 22 1
16 23 1
16 24 1
16 25 1
17 18 1
17 19 1
17 20 1
17 21 1
17 22 1
17 23 1
17 24 1
18 19 1
18 20 1
18 21 1
19 20 1
19 21 1
19 22 1
19 23 1
19 24 1
19 25 1
20 21 1
20 22 1
20 23 1
20 24 1
20 25 1
20 26 1
21 22 1
21 23 1
21 24 1
21 25 1
21 26 1
21 27 1
22 23 1
22 24 1
22 25 1
22 26 1
22 27 1
22 28 1
23 24 1
23 25 1
23 26 1
23 27 1
23 28 1
23 29 1
24 25 1
24 26 1
24 27 1
24 28 1
24 29 1
25 26 1
25 27 1
25 28 1
25 29 1
25 30 1
26 27 1
26 28 1
26 29 1
26 30 1
26 31 1
27 28 1
27 29 1
27 30 1
27 31 1
27 32 1
28 29 1
28 30 1
28 31 1
28 32 1
28 33 1
28 34 1
29 30 1
29 31 1
29 32 1
29 33 1
29 34 1
30 31 1
30 32 1
30 33 1
30 34 1
30 35 1
31 32 1
31 33 1
31 34 1
31 35 1
32 33 1
32 34 1
32 35 1
32 36 1
33 34 1
33 35 1
33 36 1
33 37 1
34 35 1
34 36 1
34 37 1
34 38 1
34 76 1
34 77 1
34 78 1
35 36 1
35 37 1
35 38 1
35 75 1
35 76 1
35 77 1
35 78 1
35 79 1
35 80 1
35 167 1
35 168 1
35 169 1
35 170 1
35 171 1
36 37 1
36 38 1
36 39 1
36 40 1
36 41 1
36 42 1
36 76 1
36 77 1
36 78 1
36 79 1
36 80 1
36 81 1
36 82 1
36 83 1
36 84 1
36 164 1
36 165 1
36 166 1
36 167 1
36 168 1
36 169 1
36 170 1
36 171 1
37 38 1
37 39 1
37 40 1
37 41 1
37 42 1
37 43 1
37 76 1
37 77 1
37 78 1
37 79 1
37 80 1
37 81 1
37 82 1
37 83 1
37 84 1
37 85 1
37 163 1
37 164 1
37 165 1
37 166 1
37 167 1
37 168 1
37 169 1
37 170 1
37 171 1
38 39 1
38 40 1
38 41 1
38 42 1
38 43 1
38 76 1
38 77 1
38 78 1
38 79 1
38 80 1
38 81 1
38 82 1
38 83 1
38 84 1
38 85 1
38 163 1
38 164 1
38 165 1
38 166 1
38 167 1
38 168 1
38 169 1
38 170 1
38 171 1
39 40 1
39 41 1
39 42 1
39 43 1
39 44 1
39 77 1
39 78 1
39 79 1
39 80 1
39 81 1
39 82 1
39 83 1
39 84 1
39 85 1
39 86 1
39 162 1
39 163 1
39 164 1
39 165 1
39 166 1
39 167 1
39 168 1
39 169 1
39 170 1
39 171 1
40 41 1
40 42 1
40 43 1
40 44 1
40 77 1
40 78 1
40 79 1
40 80 1
40 81 1
40 82 1
40 83 1
40 84 1
40 85 1
40 86 1
40 162 1
40 163 1
40 164 1
40 165 1
40 166 1
40 167 1
40 168 1
40 169 1
40 170 1
40 171 1
41 42 1
41 43 1
41 44 1
41 45 1
41 77 1
41 78 1
41 79 1
41 80 1
41 81 1
41 82 1
41 83 1
41 84 1
41 85 1
41 86 1
41 162 1
41 163 1
41 164 1
41 165 1
41 166 1
41 167 1
41 168 1
41 169 1
41 170 1
41 171 1
42 43 1
42 44 1
42 45 1
42 78 1
42 79 1
42 80 1
42 81 1
42 82 1
42 83 1
42 84 1
42 85 1
42 86 1
42 162 1
42 163 1
42 164 1
42 165 1
42 166 1
42 167 1
42 168 1
42 169 1
43 44 1
43 45 1
43 79 1
43 80 1
43 81 1
43 82 1
43 83 1
43 84 1
43 85 1
43 86 1
43 162 1
43 163 1
43 164 1
43 165 1
43 166 1
43 167 1
43 168 1
44 45 1
44 81 1
44 82 1
44 83 1
44 84 1
44 85 1
44 86 1
44 162 1
44 163 1
44 164 1
44 165 1
44 166 1
45 83 1
45 84 1
45 85 1
45 86 1
45 162 1
45 163 1
45 164 1
45 165 1
46 47 1
46 48 1
46 49 1
46 50 1
46 51 1
46 52 1
46 53 1
46 54 1
46 55 1
46 56 1
46 87 1
46 88 1
46 89 1
46 90 1
46 91 1
46 92 1
46 93 1
46 94 1
46 95 1
46 96 1
46 110 1
46 111 1
46 112 1
46 113 1
46 114 1
46 115 1
46 116 1
46 117 1
46 118 1
46 119 1
46 132 1
46 133 1
46 134 1
46 135 1
46 136 1
46 137 1
46 138 1
46 139 1
46 140 1
46 141 1
47 48 1
47 49 1
47 50 1
47 51 1
47 52 1
47 53 1
47 54 1
47 55 1
47 56 1
47 87 1
47 88 1
47 89 1
47 90 1
47 91 1
47 92 1
47 93 1
47 94 1
47 95 1
47 96 1
47 110 1
47 111 1
47 112 1
47 113 1
47 114 1
47 115 1
47 116 1
47 117 1
47 118 1
47 119 1
47 131 1
47 132 1
47 133 1
47 134 1
47 135 1
47 136 1
47 137 1
47 138 1
47 139 1
47 140 1
47 141 1
48 49 1
48 50 1
48 51 1
48 52 1
48 53 1
48 54 1
48 55 1
48 56 1
48 87 1
48 88 1
48 89 1
48 90 1
48 91 1
48 92 1
48 93 1
48 94 1
48 95 1
48 96 1
48 97 1
48 110 1
48 111 1
48 112 1
48 113 1
48 114 1
48 115 1
48 116 1
48 117 1
48 118 1
48 119 1
48 129 1
48 130 1
48 131 1
48 132 1
48 133 1
48 134 1
48 135 1
48 136 1
48 137 1
48 138 1
48 139 1
48 140 1
48 141 1
49 50 1
49 51 1
49 52 1
49 53 1
49 54 1
49 55 1
49 56 1
49 57 1
49 87 1
49 88 1
49 89 1
49 90 1
49 91 1
49 92 1
49 93 1
49 94 1
49 95 1
49 96 1
49 97 1
49 98 1
49 109 1
49 110 1
49 111 1
49 112 1
49 113 1
49 114 1
49 115 1
49 116 1
49 117 1
49 118 1
49 119 1
49 128 1
49 129 1
49 130 1
49 131 1
49 132 1
49 133 1
49 134 1
49 135 1
49 136 1
49 137 1
49 138 1
49 139 1
49 140 1
49 141 1
50 51 1
50 52 1
50 53 1
50 54 1
50 55 1
50 56 1
50 57 1
50 87 1
50 88 1
50 89 1
50 90 1
50 91 1
50 92 1
50 93 1
50 94 1
50 95 1
50 96 1
50 97 1
50 98 1
50 109 1
50 110 1
50 111 1
50 112 1
50 113 1
50 114 1
50 115 1
50 116 1
50 117 1
50 118 1
50 119 1
50 128 1
50 129 1
50 130 1
50 131 1
50 132 1
50 133 1
50 134 1
50 135 1
50 136 1
50 137 1
50 138 1
50 139 1
50 140 1
50 141 1
51 52 1
51 53 1
51 54 1
51 55 1
51 56 1
51 57 1
51 58 1
51 87 1
51 88 1
51 89 1
51 90 1
51 91 1
51 92 1
51 93 1
51 94 1
51 95 1
51 96 1
51 97 1
51 98 1
51 99 1
51 108 1
51 109 1
51 110 1
51 111 1
51 112 1
51 113 1
51 114 1
51 115 1
51 116 1
51 117 1
51 118 1
51 119 1
51 127 1
51 128 1
51 129 1
51 130 1
51 131 1
51 132 1
51 133 1
51 134 1
51 135 1
51 136 1
51 137 1
51 138 1
51 139 1
51 140 1
51 141 1
52 53 1
52 54 1
52 55 1
52 56 1
52 57 1
52 58 1
52 87 1
52 88 1
52 89 1
52 90 1
52 91 1
52 92 1
52 93 1
52 94 1
52 95 1
52 96 1
52 97 1
52 98 1
52 99 1
52 108 1
52 109 1
52 110 1
52 111 1
52 112 1
52 113 1
52 114 1
52 115 1
52 116 1
52 117 1
52 118 1
52 119 1
52 127 1
52 128 1
52 129 1
52 130 1
52 131 1
52 132 1
52 133 1
52 134 1
52 135 1
52 136 1
52 137 1
52 138 1
52 139 1
52 140 1
52 141 1
53 54 1
53 55 1
53 56 1
53 57 1
53 58 1
53 87 1
53 88 1
53 89 1
53 90 1
53 91 1
53 92 1
53 93 1
53 94 1
53 95 1
53 96 1
53 97 1
53 98 1
53 99 1
53 108 1
53 109 1
53 110 1
53 111 1
53 112 1
53 113 1
53 114 1
53 115 1
53 116 1
53 117 1
53 118 1
53 119 1
53 126 1
53 127 1
53 128 1
53 129 1
53 130 1
53 131 1
53 132 1
53 133 1
53 134 1
53 135 1
53 136 1
53 137 1
53 138 1
53 139 1
53 140 1
54 55 1
54 56 1
54 57 1
54 58 1
54 87 1
54 88 1
54 89 1
54 90 1
54 91 1
54 92 1
54 93 1
54 94 1
54 95 1
54 96 1
54 97 1
54 98 1
54 99 1
54 100 1
54 107 1
54 108 1
54 109 1
54 110 1
54 111 1
54 112 1
54 113 1
54 114 1
54 115 1
54 116 1
54 117 1
54 118 1
54 119 1
54 125 1
54 126 1
54 127 1
54 128 1
54 129 1
54 130 1
54 131 1
54 132 1
54 133 1
54 134 1
54 135 1
54 136 1
54 137 1
54 138 1
54 139 1
54 140 1
55 56 1
55 57 1
55 58 1
55 59 1
55 60 1
55 87 1
55 88 1
55 89 1
55 90 1
55 91 1
55 92 1
55 93 1
55 94 1
55 95 1
55 96 1
55 97 1
55 98 1
55 99 1
55 100 1
55 107 1
55 108 1
55 109 1
55 110 1
55 111 1
55 112 1
55 113 1
55 114 1
55 115 1
55 116 1
55 117 1
55 118 1
55 125 1
55 126 1
55 127 1
55 128 1
55 129 1
55 130 1
55 131 1
55 132 1
55 133 1
55 134 1
55 135 1
55 136 1
55 137 1
55 138 1
55 139 1
56 57 1
56 58 1
56 59 1
56 60 1
56 61 1
56 62 1
56 87 1
56 88 1
56 89 1
56 90 1
56 91 1
56 92 1
56 93 1
56 94 1
56 95 1
56 96 1
56 97 1
56 98 1
56 99 1
56 100 1
56 101 1
56 102 1
56 106 1
56 107 1
56 108 1
56 109 1
56 110 1
56 111 1
56 112 1
56 113 1
56 114 1
56 115 1
56 116 1
56 117 1
56 123 1
56 124 1
56 125 1
56 126 1
56 127 1
56 128 1
56 129 1
56 130 1
56 131 1
56 132 1
56 133 1
56 134 1
56 135 1
56 136 1
56 137 1
56 138 1
57 58 1
57 59 1
57 60 1
57 61 1
57 62 1
57 63 1
57 89 1
57 90 1
57 91 1
57 92 1
57 93 1
57 94 1
57 95 1
57 96 1
57 97 1
57 98 1
57 99 1
57 100 1
57 101 1
57 102 1
57 103 1
57 105 1
57 106 1
57 107 1
57 108 1
57 109 1
57 110 1
57 111 1
57 112 1
57 113 1
57 114 1
57 115 1
57 121 1
57 122 1
57 123 1
57 124 1
57 125 1
57 126 1
57 127 1
57 128 1
57 129 1
57 130 1
57 131 1
57 132 1
57 133 1
57 134 1
57 135 1
57 136 1
58 59 1
58 60 1
58 61 1
58 62 1
58 63 1
58 64 1
58 92 1
58 93 1
58 94 1
58 95 1
58 96 1
58 97 1
58 98 1
58 99 1
58 100 1
58 101 1
58 102 1
58 103 1
58 104 1
58 105 1
58 106 1
58 107 1
58 108 1
58 109 1
58 110 1
58 111 1
58 112 1
58 120 1
58 121 1
58 122 1
58 123 1
58 124 1
58 125 1
58 126 1
58 127 1
58 128 1
58 129 1
58 130 1
58 131 1
58 132 1
58 133 1
58 134 1
58 135 1
58 142 1
58 143 1
58 144 1
58 145 1
58 146 1
58 147 1
58 148 1
59 60 1
59 61 1
59 62 1
59 63 1
59 64 1
59 65 1
59 66 1
59 67 1
59 94 1
59 95 1
59 96 1
59 97 1
59 98 1
59 99 1
59 100 1
59 101 1
59 102 1
59 103 1
59 104 1
59 105 1
59 106 1
59 107 1
59 108 1
59 109 1
59 110 1
59 111 1
59 120 1
59 121 1
59 122 1
59 123 1
59 124 1
59 125 1
59 126 1
59 127 1
59 128 1
59 129 1
59 130 1
59 131 1
59 132 1
59 133 1
59 142 1
59 143 1
59 144 1
59 145 1
59 146 1
59 147 1
59 148 1
59 149 1
59 150 1
59 151 1
59 152 1
60 61 1
60 62 1
60 63 1
60 64 1
60 65 1
60 66 1
60 67 1
60 95 1
60 96 1
60 97 1
60 98 1
60 99 1
60 100 1
60 101 1
60 102 1
60 103 1
60 104 1
60 105 1
60 106 1
60 107 1
60 108 1
60 109 1
60 110 1
60 111 1
60 120 1
60 121 1
60 122 1
60 123 1
60 124 1
60 125 1
60 126 1
60 127 1
60 128 1
60 129 1
60 130 1
60 131 1
60 132 1
60 142 1
60 143 1
60 144 1
60 145 1
60 146 1
60 147 1
60 148 1
60 149 1
60 150 1
60 151 1
60 152 1
60 153 1
60 154 1
61 62 1
61 63 1
61 64 1
61 65 1
61 66 1
61 67 1
61 96 1
61 97 1
61 98 1
61 99 1
61 100 1
61 101 1
61 102 1
61 103 1
61 104 1
61 105 1
61 106 1
61 107 1
61 108 1
61 109 1
61 110 1
61 111 1
61 120 1
61 121 1
61 122 1
61 123 1
61 124 1
61 125 1
61 126 1
61 127 1
61 128 1
61 129 1
61 130 1
61 131 1
61 132 1
61 142 1
61 143 1
61 144 1
61 145 1
61 146 1
61 147 1
61 148 1
61 149 1
61 150 1
61 151 1
61 152 1
61 153 1
61 154 1
61 155 1
62 63 1
62 64 1
62 65 1
62 66 1
62 67 1
62 68 1
62 96 1
62 97 1
62 98 1
62 99 1
62 100 1
62 101 1
62 102 1
62 103 1
62 104 1
62 105 1
62 106 1
62 107 1
62 108 1
62 109 1
62 110 1
62 120 1
62 121 1
62 122 1
62 123 1
62 124 1
62 125 1
62 126 1
62 127 1
62 128 1
62 129 1
62 130 1
62 142 1
62 143 1
62 144 1
62 145 1
62 146 1
62 147 1
62 148 1
62 149 1
62 150 1
62 151 1
62 152 1
62 153 1
62 154 1
62 155 1
63 64 1
63 65 1
63 66 1
63 67 1
63 68 1
63 69 1
63 97 1
63 98 1
63 99 1
63 100 1
63 101 1
63 102 1
63 103 1
63 104 1
63 105 1
63 106 1
63 107 1
63 108 1
63 109 1
63 120 1
63 121 1
63 122 1
63 123 1
63 124 1
63 125 1
63 126 1
63 127 1
63 128 1
63 129 1
63 142 1
63 143 1
63 144 1
63 145 1
63 146 1
63 147 1
63 148 1
63 149 1
63 150 1
63 151 1
63 152 1
63 153 1
63 154 1
63 155 1
63 156 1
64 65 1
64 66 1
64 67 1
64 68 1
64 69 1
64 70 1
64 99 1
64 100 1
64 101 1
64 102 1
64 103 1
64 104 1
64 105 1
64 106 1
64 107 1
64 120 1
64 121 1
64 122 1
64 123 1
64 124 1
64 125 1
64 142 1
64 143 1
64 144 1
64 145 1
64 146 1
64 147 1
64 148 1
64 149 1
64 150 1
64 151 1
64 152 1
64 153 1
64 154 1
64 155 1
64 156 1
64 157 1
65 66 1
65 67 1
65 68 1
65 69 1
65 70 1
65 71 1
65 72 1
65 100 1
65 101 1
65 102 1
65 103 1
65 104 1
65 105 1
65 106 1
65 120 1
65 121 1
65 122 1
65 123 1
65 142 1
65 143 1
65 144 1
65 145 1
65 146 1
65 147 1
65 148 1
65 149 1
65 150 1
65 151 1
65 152 1
65 153 1
65 154 1
65 155 1
65 156 1
65 157 1
66 67 1
66 68 1
66 69 1
66 70 1
66 71 1
66 72 1
66 73 1
66 103 1
66 143 1
66 144 1
66 145 1
66 146 1
66 147 1
66 148 1
66 149 1
66 150 1
66 151 1
66 152 1
66 153 1
66 154 1
66 155 1
66 156 1
66 157 1
67 68 1
67 69 1
67 70 1
67 71 1
67 72 1
67 73 1
67 74 1
67 143 1
67 144 1
67 145 1
67 146 1
67 147 1
67 148 1
67 149 1
67 150 1
67 151 1
67 152 1
67 153 1
67 154 1
67 155 1
67 156 1
67 157 1
67 158 1
68 69 1
68 70 1
68 71 1
68 72 1
68 73 1
68 74 1
68 144 1
68 145 1
68 146 1
68 147 1
68 148 1
68 149 1
68 150 1
68 151 1
68 152 1
68 153 1
68 154 1
68 155 1
68 156 1
68 157 1
68 158 1
68 159 1
68 160 1
68 161 1
69 70 1
69 71 1
69 72 1
69 73 1
69 74 1
69 144 1
69 145 1
69 146 1
69 147 1
69 148 1
69 149 1
69 150 1
69 151 1
69 152 1
69 153 1
69 154 1
69 155 1
69 156 1
69 157 1
69 158 1
69 159 1
69 160 1
69 161 1
69 173 1
70 71 1
70 72 1
70 73 1
70 74 1
70 75 1
70 145 1
70 146 1
70 147 1
70 148 1
70 149 1
70 150 1
70 151 1
70 152 1
70 153 1
70 154 1
70 155 1
70 156 1
70 157 1
70 158 1
70 159 1
70 160 1
70 161 1
70 173 1
71 72 1
71 73 1
71 74 1
71 75 1
71 147 1
71 148 1
71 149 1
71 150 1
71 151 1
71 152 1
71 153 1
71 154 1
71 155 1
71 156 1
71 157 1
71 158 1
71 159 1
71 160 1
71 161 1
71 172 1
71 173 1
72 73 1
72 74 1
72 75 1
72 76 1
72 150 1
72 151 1
72 152 1
72 153 1
72 154 1
72 155 1
72 156 1
72 157 1
72 158 1
72 159 1
72 160 1
72 161 1
72 172 1
72 173 1
73 74 1
73 75 1
73 76 1
73 152 1
73 153 1
73 154 1
73 155 1
73 156 1
73 157 1
73 158 1
73 159 1
73 160 1
73 161 1
73 172 1
73 173 1
74 75 1
74 76 1
74 77 1
74 153 1
74 154 1
74 155 1
74 156 1
74 157 1
74 158 1
74 159 1
74 160 1
74 161 1
74 170 1
74 171 1
74 172 1
74 173 1
75 76 1
75 77 1
75 78 1
75 79 1
75 157 1
75 158 1
75 159 1
75 160 1
75 161 1
75 169 1
75 170 1
75 171 1
75 172 1
75 173 1
76 77 1
76 78 1
76 79 1
76 80 1
76 158 1
76 159 1
76 160 1
76 161 1
76 167 1
76 168 1
76 169 1
76 170 1
76 171 1
76 172 1
76 173 1
77 78 1
77 79 1
77 80 1
77 81 1
77 82 1
77 83 1
77 159 1
77 160 1
77 161 1
77 165 1
77 166 1
77 167 1
77 168 1
77 169 1
77 170 1
77 171 1
77 172 1
77 173 1
78 79 1
78 80 1
78 81 1
78 82 1
78 83 1
78 84 1
78 164 1
78 165 1
78 166 1
78 167 1
78 168 1
78 169 1
78 170 1
78 171 1
78 172 1
79 80 1
79 81 1
79 82 1
79 83 1
79 84 1
79 85 1
79 164 1
79 165 1
79 166 1
79 167 1
79 168 1
79 169 1
79 170 1
79 171 1
79 172 1
80 81 1
80 82 1
80 83 1
80 84 1
80 85 1
80 163 1
80 164 1
80 165 1
80 166 1
80 167 1
80 168 1
80 169 1
80 170 1
80 171 1
81 82 1
81 83 1
81 84 1
81 85 1
81 86 1
81 162 1
81 163 1
81 164 1
81 165 1
81 166 1
81 167 1
81 168 1
81 169 1
81 170 1
81 171 1
82 83 1
82 84 1
82 85 1
82 86 1
82 162 1
82 163 1
82 164 1
82 165 1
82 166 1
82 167 1
82 168 1
82 169 1
82 170 1
82 171 1
83 84 1
83 85 1
83 86 1
83 162 1
83 163 1
83 164 1
83 165 1
83 166 1
83 167 1
83 168 1
83 169 1
83 170 1
83 171 1
84 85 1
84 86 1
84 162 1
84 163 1
84 164 1
84 165 1
84 166 1
84 167 1
84 168 1
84 169 1
85 86 1
85 162 1
85 163 1
85 164 1
85 165 1
85 166 1
85 167 1
85 168 1
86 162 1
86 163 1
86 164 1
86 165 1
86 166 1
87 88 1
87 89 1
87 90 1
87 91 1
87 92 1
87 93 1
87 94 1
87 95 1
87 96 1
87 110 1
87 111 1
87 112 1
87 113 1
87 114 1
87 115 1
87 116 1
87 117 1
87 118 1
87 119 1
87 131 1
87 132 1
87 133 1
87 134 1
87 135 1
87 136 1
87 137 1
87 138 1
87 139 1
87 140 1
87 141 1
88 89 1
88 90 1
88 91 1
88 92 1
88 93 1
88 94 1
88 95 1
88 96 1
88 97 1
88 110 1
88 111 1
88 112 1
88 113 1
88 114 1
88 115 1
88 116 1
88 117 1
88 118 1
88 119 1
88 129 1
88 130 1
88 131 1
88 132 1
88 133 1
88 134 1
88 135 1
88 136 1
88 137 1
88 138 1
88 139 1
88 140 1
88 141 1
89 90 1
89 91 1
89 92 1
89 93 1
89 94 1
89 95 1
89 96 1
89 97 1
89 98 1
89 109 1
89 110 1
89 111 1
89 112 1
89 113 1
89 114 1
89 115 1
89 116 1
89 117 1
89 118 1
89 119 1
89 129 1
89 130 1
89 131 1
89 132 1
89 133 1
89 134 1
89 135 1
89 136 1
89 137 1
89 138 1
89 139 1
89 140 1
89 141 1
90 91 1
90 92 1
90 93 1
90 94 1
90 95 1
90 96 1
90 97 1
90 98 1
90 109 1
90 110 1
90 111 1
90 112 1
90 113 1
90 114 1
90 115 1
90 116 1
90 117 1
90 118 1
90 119 1
90 128 1
90 129 1
90 130 1
90 131 1
90 132 1
90 133 1
90 134 1
90 135 1
90 136 1
90 137 1
90 138 1
90 139 1
90 140 1
90 141 1
91 92 1
91 93 1
91 94 1
91 95 1
91 96 1
91 97 1
91 98 1
91 99 1
91 108 1
91 109 1
91 110 1
91 111 1
91 112 1
91 113 1
91 114 1
91 115 1
91 116 1
91 117 1
91 118 1
91 119 1
91 128 1
91 129 1
91 130 1
91 131 1
91 132 1
91 133 1
91 134 1
91 135 1
91 136 1
91 137 1
91 138 1
91 139 1
91 140 1
91 141 1
92 93 1
92 94 1
92 95 1
92 96 1
92 97 1
92 98 1
92 99 1
92 108 1
92 109 1
92 110 1
92 111 1
92 112 1
92 113 1
92 114 1
92 115 1
92 116 1
92 117 1
92 118 1
92 119 1
92 126 1
92 127 1
92 128 1
92 129 1
92 130 1
92 131 1
92 132 1
92 133 1
92 134 1
92 135 1
92 136 1
92 137 1
92 138 1
92 139 1
92 140 1
92 141 1
93 94 1
93 95 1
93 96 1
93 97 1
93 98 1
93 99 1
93 108 1
93 109 1
93 110 1
93 111 1
93 112 1
93 113 1
93 114 1
93 115 1
93 116 1
93 117 1
93 118 1
93 119 1
93 126 1
93 127 1
93 128 1
93 129 1
93 130 1
93 131 1
93 132 1
93 133 1
93 134 1
93 135 1
93 136 1
93 137 1
93 138 1
93 139 1
93 140 1
94 95 1
94 96 1
94 97 1
94 98 1
94 99 1
94 100 1
94 107 1
94 108 1
94 109 1
94 110 1
94 111 1
94 112 1
94 113 1
94 114 1
94 115 1
94 116 1
94 117 1
94 118 1
94 125 1
94 126 1
94 127 1
94 128 1
94 129 1
94 130 1
94 131 1
94 132 1
94 133 1
94 134 1
94 135 1
94 136 1
94 137 1
94 138 1
94 139 1
95 96 1
95 97 1
95 98 1
95 99 1
95 100 1
95 101 1
95 107 1
95 108 1
95 109 1
95 110 1
95 111 1
95 112 1
95 113 1
95 114 1
95 115 1
95 116 1
95 117 1
95 118 1
95 124 1
95 125 1
95 126 1
95 127 1
95 128 1
95 129 1
95 130 1
95 131 1
95 132 1
95 133 1
95 134 1
95 135 1
95 136 1
95 137 1
95 138 1
95 139 1
96 97 1
96 98 1
96 99 1
96 100 1
96 101 1
96 102 1
96 106 1
96 107 1
96 108 1
96 109 1
96 110 1
96 111 1
96 112 1
96 113 1
96 114 1
96 115 1
96 116 1
96 117 1
96 123 1
96 124 1
96 125 1
96 126 1
96 127 1
96 128 1
96 129 1
96 130 1
96 131 1
96 132 1
96 133 1
96 134 1
96 135 1
96 136 1
96 137 1
96 138 1
97 98 1
97 99 1
97 100 1
97 101 1
97 102 1
97 103 1
97 105 1
97 106 1
97 107 1
97 108 1
97 109 1
97 110 1
97 111 1
97 112 1
97 113 1
97 114 1
97 115 1
97 116 1
97 121 1
97 122 1
97 123 1
97 124 1
97 125 1
97 126 1
97 127 1
97 128 1
97 129 1
97 130 1
97 131 1
97 132 1
97 133 1
97 134 1
97 135 1
97 136 1
98 99 1
98 100 1
98 101 1
98 102 1
98 103 1
98 104 1
98 105 1
98 106 1
98 107 1
98 108 1
98 109 1
98 110 1
98 111 1
98 112 1
98 113 1
98 114 1
98 115 1
98 120 1
98 121 1
98 122 1
98 123 1
98 124 1
98 125 1
98 126 1
98 127 1
98 128 1
98 129 1
98 130 1
98 131 1
98 132 1
98 133 1
98 134 1
98 135 1
98 136 1
98 142 1
98 143 1
98 144 1
98 145 1
99 100 1
99 101 1
99 102 1
99 103 1
99 104 1
99 105 1
99 106 1
99 107 1
99 108 1
99 109 1
99 110 1
99 111 1
99 112 1
99 113 1
99 120 1
99 121 1
99 122 1
99 123 1
99 124 1
99 125 1
99 126 1
99 127 1
99 128 1
99 129 1
99 130 1
99 131 1
99 132 1
99 133 1
99 134 1
99 135 1
99 136 1
99 142 1
99 143 1
99 144 1
99 145 1
99 146 1
99 147 1
99 148 1
100 101 1
100 102 1
100 103 1
100 104 1
100 105 1
100 106 1
100 107 1
100 108 1
100 109 1
100 110 1
100 111 1
100 120 1
100 121 1
100 122 1
100 123 1
100 124 1
100 125 1
100 126 1
100 127 1
100 128 1
100 129 1
100 130 1
100 131 1
100 132 1
100 133 1
100 134 1
100 135 1
100 142 1
100 143 1
100 144 1
100 145 1
100 146 1
100 147 1
100 148 1
100 149 1
100 150 1
101 102 1
101 103 1
101 104 1
101 105 1
101 106 1
101 107 1
101 108 1
101 109 1
101 110 1
101 111 1
101 120 1
101 121 1
101 122 1
101 123 1
101 124 1
101 125 1
101 126 1
101 127 1
101 128 1
101 129 1
101 130 1
101 131 1
101 132 1
101 133 1
101 134 1
101 142 1
101 143 1
101 144 1
101 145 1
101 146 1
101 147 1
101 148 1
101 149 1
101 150 1
101 151 1
102 103 1
102 104 1
102 105 1
102 106 1
102 107 1
102 108 1
102 109 1
102 110 1
102 111 1
102 120 1
102 121 1
102 122 1
102 123 1
102 124 1
102 125 1
102 126 1
102 127 1
102 128 1
102 129 1
102 130 1
102 131 1
102 132 1
102 133 1
102 142 1
102 143 1
102 144 1
102 145 1
102 146 1
102 147 1
102 148 1
102 149 1
102 150 1
102 151 1
103 104 1
103 105 1
103 106 1
103 107 1
103 108 1
103 109 1
103 110 1
103 120 1
103 121 1
103 122 1
103 123 1
103 124 1
103 125 1
103 126 1
103 127 1
103 128 1
103 129 1
103 130 1
103 131 1
103 132 1
103 142 1
103 143 1
103 144 1
103 145 1
103 146 1
103 147 1
103 148 1
103 149 1
103 150 1
103 151 1
103 152 1
104 105 1
104 106 1
104 107 1
104 108 1
104 109 1
104 120 1
104 121 1
104 122 1
104 123 1
104 124 1
104 125 1
104 126 1
104 127 1
104 128 1
104 129 1
104 130 1
104 142 1
104 143 1
104 144 1
104 145 1
104 146 1
104 147 1
104 148 1
104 149 1
104 150 1
104 151 1
105 106 1
105 107 1
105 108 1
105 109 1
105 110 1
105 120 1
105 121 1
105 122 1
105 123 1
105 124 1
105 125 1
105 126 1
105 127 1
105 128 1
105 129 1
105 130 1
105 131 1
105 132 1
105 142 1
105 143 1
105 144 1
105 145 1
105 146 1
105 147 1
105 148 1
105 149 1
105 150 1
105 151 1
106 107 1
106 108 1
106 109 1
106 110 1
106 111 1
106 120 1
106 121 1
106 122 1
106 123 1
106 124 1
106 125 1
106 126 1
106 127 1
106 128 1
106 129 1
106 130 1
106 131 1
106 132 1
106 133 1
106 142 1
106 143 1
106 144 1
106 145 1
106 146 1
106 147 1
106 148 1
106 149 1
106 150 1
106 151 1
107 108 1
107 109 1
107 110 1
107 111 1
107 120 1
107 121 1
107 122 1
107 123 1
107 124 1
107 125 1
107 126 1
107 127 1
107 128 1
107 129 1
107 130 1
107 131 1
107 132 1
107 133 1
107 134 1
107 135 1
107 142 1
107 143 1
107 144 1
107 145 1
107 146 1
107 147 1
107 148 1
107 149 1
108 109 1
108 110 1
108 111 1
108 112 1
108 113 1
108 120 1
108 121 1
108 122 1
108 123 1
108 124 1
108 125 1
108 126 1
108 127 1
108 128 1
108 129 1
108 130 1
108 131 1
108 132 1
108 133 1
108 134 1
108 135 1
108 136 1
108 142 1
108 143 1
108 144 1
108 145 1
108 146 1
108 147 1
109 110 1
109 111 1
109 112 1
109 113 1
109 114 1
109 115 1
109 120 1
109 121 1
109 122 1
109 123 1
109 124 1
109 125 1
109 126 1
109 127 1
109 128 1
109 129 1
109 130 1
109 131 1
109 132 1
109 133 1
109 134 1
109 135 1
109 136 1
109 142 1
109 143 1
109 144 1
109 145 1
110 111 1
110 112 1
110 113 1
110 114 1
110 115 1
110 116 1
110 117 1
110 121 1
110 122 1
110 123 1
110 124 1
110 125 1
110 126 1
110 127 1
110 128 1
110 129 1
110 130 1
110 131 1
110 132 1
110 133 1
110 134 1
110 135 1
110 136 1
110 137 1
110 138 1
111 112 1
111 113 1
111 114 1
111 115 1
111 116 1
111 117 1
111 123 1
111 124 1
111 125 1
111 126 1
111 127 1
111 128 1
111 129 1
111 130 1
111 131 1
111 132 1
111 133 1
111 134 1
111 135 1
111 136 1
111 137 1
111 138 1
111 139 1
112 113 1
112 114 1
112 115 1
112 116 1
112 117 1
112 118 1
112 119 1
112 126 1
112 127 1
112 128 1
112 129 1
112 130 1
112 131 1
112 132 1
112 133 1
112 134 1
112 135 1
112 136 1
112 137 1
112 138 1
112 139 1
112 140 1
113 114 1
113 115 1
113 116 1
113 117 1
113 118 1
113 119 1
113 127 1
113 128 1
113 129 1
113 130 1
113 131 1
113 132 1
113 133 1
113 134 1
113 135 1
113 136 1
113 137 1
113 138 1
113 139 1
113 140 1
113 141 1
114 115 1
114 116 1
114 117 1
114 118 1
114 119 1
114 128 1
114 129 1
114 130 1
114 131 1
114 132 1
114 133 1
114 134 1
114 135 1
114 136 1
114 137 1
114 138 1
114 139 1
114 140 1
114 141 1
115 116 1
115 117 1
115 118 1
115 119 1
115 128 1
115 129 1
115 130 1
115 131 1
115 132 1
115 133 1
115 134 1
115 135 1
115 136 1
115 137 1
115 138 1
115 139 1
115 140 1
115 141 1
116 117 1
116 118 1
116 119 1
116 129 1
116 130 1
116 131 1
116 132 1
116 133 1
116 134 1
116 135 1
116 136 1
116 137 1
116 138 1
116 139 1
116 140 1
116 141 1
117 118 1
117 119 1
117 131 1
117 132 1
117 133 1
117 134 1
117 135 1
117 136 1
117 137 1
117 138 1
117 139 1
117 140 1
117 141 1
118 119 1
118 134 1
118 135 1
118 136 1
118 137 1
118 138 1
118 139 1
118 140 1
118 141 1
119 136 1
119 137 1
119 138 1
119 139 1
119 140 1
119 141 1
120 121 1
120 122 1
120 123 1
120 124 1
120 125 1
120 126 1
120 127 1
120 128 1
120 129 1
120 130 1
120 131 1
120 142 1
120 143 1
120 144 1
120 145 1
120 146 1
120 147 1
120 148 1
120 149 1
120 150 1
120 151 1
121 122 1
121 123 1
121 124 1
121 125 1
121 126 1
121 127 1
121 128 1
121 129 1
121 130 1
121 131 1
121 132 1
121 142 1
121 143 1
121 144 1
121 145 1
121 146 1
121 147 1
121 148 1
121 149 1
121 150 1
121 151 1
122 123 1
122 124 1
122 125 1
122 126 1
122 127 1
122 128 1
122 129 1
122 130 1
122 131 1
122 132 1
122 133 1
122 142 1
122 143 1
122 144 1
122 145 1
122 146 1
122 147 1
122 148 1
122 149 1
122 150 1
122 151 1
123 124 1
123 125 1
123 126 1
123 127 1
123 128 1
123 129 1
123 130 1
123 131 1
123 132 1
123 133 1
123 142 1
123 143 1
123 144 1
123 145 1
123 146 1
123 147 1
123 148 1
123 149 1
123 150 1
124 125 1
124 126 1
124 127 1
124 128 1
124 129 1
124 130 1
124 131 1
124 132 1
124 133 1
124 134 1
124 142 1
124 143 1
124 144 1
124 145 1
124 146 1
124 147 1
124 148 1
124 149 1
125 126 1
125 127 1
125 128 1
125 129 1
125 130 1
125 131 1
125 132 1
125 133 1
125 134 1
125 135 1
125 142 1
125 143 1
125 144 1
125 145 1
125 146 1
125 147 1
125 148 1
125 149 1
126 127 1
126 128 1
126 129 1
126 130 1
126 131 1
126 132 1
126 133 1
126 134 1
126 135 1
126 136 1
126 142 1
126 143 1
126 144 1
126 145 1
126 146 1
126 147 1
126 148 1
127 128 1
127 129 1
127 130 1
127 131 1
127 132 1
127 133 1
127 134 1
127 135 1
127 136 1
127 142 1
127 143 1
127 144 1
127 145 1
127 146 1
128 129 1
128 130 1
128 131 1
128 132 1
128 133 1
128 134 1
128 135 1
128 136 1
128 142 1
128 143 1
128 144 1
128 145 1
129 130 1
129 131 1
129 132 1
129 133 1
129 134 1
129 135 1
129 136 1
129 142 1
129 143 1
130 131 1
130 132 1
130 133 1
130 134 1
130 135 1
130 136 1
130 137 1
130 142 1
130 143 1
131 132 1
131 133 1
131 134 1
131 135 1
131 136 1
131 137 1
131 138 1
132 133 1
132 134 1
132 135 1
132 136 1
132 137 1
132 138 1
133 134 1
133 135 1
133 136 1
133 137 1
133 138 1
133 139 1
134 135 1
134 136 1
134 137 1
134 138 1
134 139 1
135 136 1
135 137 1
135 138 1
135 139 1
135 140 1
136 137 1
136 138 1
136 139 1
136 140 1
137 138 1
137 139 1
137 140 1
137 141 1
138 139 1
138 140 1
138 141 1
139 140 1
139 141 1
140 141 1
142 143 1
142 144 1
142 145 1
142 146 1
142 147 1
142 148 1
142 149 1
142 150 1
142 151 1
143 144 1
143 145 1
143 146 1
143 147 1
143 148 1
143 149 1
143 150 1
143 151 1
143 152 1
144 145 1
144 146 1
144 147 1
144 148 1
144 149 1
144 150 1
144 151 1
144 152 1
144 153 1
144 154 1
144 155 1
145 146 1
145 147 1
145 148 1
145 149 1
145 150 1
145 151 1
145 152 1
145 153 1
145 154 1
145 155 1
146 147 1
146 148 1
146 149 1
146 150 1
146 151 1
146 152 1
146 153 1
146 154 1
146 155 1
146 156 1
147 148 1
147 149 1
147 150 1
147 151 1
147 152 1
147 153 1
147 154 1
147 155 1
147 156 1
147 157 1
148 149 1
148 150 1
148 151 1
148 152 1
148 153 1
148 154 1
148 155 1
148 156 1
148 157 1
149 150 1
149 151 1
149 152 1
149 153 1
149 154 1
149 155 1
149 156 1
149 157 1
150 151 1
150 152 1
150 153 1
150 154 1
150 155 1
150 156 1
150 157 1
151 152 1
151 153 1
151 154 1
151 155 1
151 156 1
151 157 1
152 153 1
152 154 1
152 155 1
152 156 1
152 157 1
153 154 1
153 155 1
153 156 1
153 157 1
153 158 1
153 159 1
153 160 1
154 155 1
154 156 1
154 157 1
154 158 1
154 159 1
154 160 1
154 161 1
155 156 1
155 157 1
155 158 1
155 159 1
155 160 1
155 161 1
155 173 1
156 157 1
156 158 1
156 159 1
156 160 1
156 161 1
156 173 1
157 158 1
157 159 1
157 160 1
157 161 1
157 172 1
157 173 1
158 159 1
158 160 1
158 161 1
158 170 1
158 171 1
158 172 1
158 173 1
159 160 1
159 161 1
159 170 1
159 171 1
159 172 1
159 173 1
160 161 1
160 170 1
160 171 1
160 172 1
160 173 1
161 170 1
161 171 1
161 172 1
161 173 1
162 163 1
162 164 1
162 165 1
162 166 1
163 164 1
163 165 1
163 166 1
163 167 1
163 168 1
164 165 1
164 166 1
164 167 1
164 168 1
164 169 1
165 166 1
165 167 1
165 168 1
165 169 1
165 170 1
165 171 1
166 167 1
166 168 1
166 169 1
166 170 1
166 171 1
167 168 1
167 169 1
167 170 1
167 171 1
168 169 1
168 170 1
168 171 1
168 172 1
169 170 1
169 171 1
169 172 1
170 171 1
170 172 1
170 173 1
171 172 1
171 173 1
172 173 1
